319106439526367234
318676223985336320
318596947432841216
319132721748267009
318819189580263425
318806604940181505
318776809267290113
318954900933464066
318728946764103680
318874108848926720
318803419966078976
318672260078661632
318666407397163008
318739742562865154
319006566965723136
319097386939076609
319057077542727680
319081130416549890
318835281417621504
319138659175641089
319115106892005377
318810133574586368
319100975136780288
318597777674358784
318847110504132610
318898709410762753
318822727983169537
318770447523147776
319086455450382336
318757307406229506
318505573127700480
318704999339266051
318799396827435011
319086032937185280
318706998424252416
318512617771634690
318514719961006083
319037076538527744
318486491653357568
318919584088469506
318721870893551617
319081607321489409
319140060182237186
318720027660546048
318727552585846784
318908559578509313
318507497193369600
318851917654671360
318784166453968896
319045131976187904
318680177620160512
319119037802115073
318507931022802944
318730036519776261
319017918883049472
318850372955422720
318832461347962880
318659894079279104
318800425866362880
319013015498391552
318757005055623170
319029520608923650
318856354842439680
319117472148103168
318641194592788480
319145415310192640
318825095369990145
318566795810336768
319072321627365377
318722719531294720
318507463093653505
318512599467696128
318496561569083392
318662579226554368
318488322114723840
318727802662825984
318624227441905664
318535821772849152
318501835293986816
318784384754913280
318772186380902401
318760134794944513
318827345467285504
319028093010456576
318762309285707776
318701030160343041
319095785490878465
318732066755850240
318561208104017922
318840120847507457
318830313969180672
318682275229335552
318882012486307840
318518211677143042
318837032908623872
318509498715222017
318845592648437760
318842568731422720
318640032393072640
318653401363800065
318993548911456256
319095482037190656
318500606874632192
318651222083129344
318779805191528448
319133297462616065
318489386348052480
318715219553697792
318735263864070144
318769856369553408
318493746733932544
319011023124307968
319092814313041920
318625416770363392
318591163043028992
318747920759406592
319060983224094720
318796391134662657
318818660221341697
318694510559391744
318815190957301761
319044935552749568
319064545521987584
319074363133554689
318872348201734147
319094081345167361
318846072099315713
318728991508951042
318761345640173568
318790774613483520
318501891900313600
319034550250512384
318589152847343617
318741431122546688
318872783239122944
318729597099335681
318849653405777920
319041557141528576
318712863718010881
318767349241102336
319059065575714817
318850782101393408
318825959648292865
318804255769247744
318757581852114945
319049631885582336
318793551037222913
318496346061557760
318866291358310400
318852405175394304
319141755805114368
318848333126975488
318749874784980992
319100660744327168
319042369666306048
319085483739209728
318537666113187840
319130505960366081
318591439376351232
318795898601762816
318730428850790401
318654384772890624
319039006832738305
318687957731119104
318624257976442880
319121806181142529
318540516985806848
318784633514901505
319004715373449216
319125364007915520
318728082812964865
318973108121911296
319124080328589313
319081819037368320
318788233947398144
318632036640387072
318876679546236929
318778803419750401
319033207255359488
318654173791019010
318488275880906753
319097217795366912
318869448255758336
319041175212417024
318824199110152192
318527291351257089
318502167055052800
318874110992207872
318775085169254401
318486747468152832
318815891024400384
318811195572383744
318866743097434112
319131127149371393
318843407617380352
318850084395708416
319049359167733762
318817076884156416
319082802685571073
318849222017437697
318540168938258433
318680716386918401
318828842666049536
318536247930916865
318491728913002496
319026982086127616
318964775973445632
319143533778972673
318823828241395712
318807932043137025
318832009092939776
319144186228129792
319095916046995456
318824825864990721
318769930554208257
318646979762724864
318632879850663936
318854363844071424
318671560724586496
318821560666423296
318879700728569859
318835757013929984
318847146549985280
318675393869647872
318669387777339393
318980426687447040
318509880992477184
318862028271939584
318496178977259520
319078133506662400
319059271755112449
318856876072767489
318846570617532417
318914346099032064
318859584754307072
318508012971126785
319132759027245056
318755269163233282
319030460745383936
318492485653508096
318822210208944128
319075279601549312
319141776583692289
319089651971403776
318860383605637122
318846677534507009
319071747775266817
318848840579026945
318847351215230977
318721456571822081
319133149986705408
318769189441642496
318837614109151234
318885002723078144
318757838409310209
318821357683105792
318753624614387712
319107011000295425
318514331773976578
319028326989697024
319076850393554944
318916090522632192
318892656744861696
318601858862174208
319107293302112257
319092286556356608
318537197571674112
318873235083108352
318836476399988737
319082135304679424
319041863577374721
319109764665733120
319134600985182208
318971797666152449
318650187692269568
319087222806679552
318811117583495169
318827051945713664
318771041205882880
318702582803623936
318693056532578304
318737297392668674
318496415489867776
318862896614473728
318723711643557889
319126133587197952
318632503537713152
318959524256022528
318816467925729280
318792206406258688
319115265638035456
319090650874261505
318854197917401091
319112642138632192
318711790638862337
319132582220554240
319088373874712576
318664893698015233
318663578402058240
319065934323142656
318848163505135616
319071752590336000
318860193406545920
318514191428382720
318852524478193664
318784757745995776
319025488855175168
318823626931593216
318854163926745090
318848679442259968
318810717249753088
318500654605807616
318808390161793024
318833357788155906
319118504357928961
319008928019132416
318848246686556162
318760301266886656
319051777263673344
318487548475342848
318831095078588416
318727039739912192
318512038508888064
319100673201418240
319004225323548672
318828121228992515
319130645794275328
319068927068102656
318706266279145473
319050024317251585
318886815169904640
318688338863341568
318837455560261632
318702802547400704
318861835170353152
318859322811637760
318993633724493825
318841863043956737
318814475346132992
318816900161363969
318651036963311616
319076412189458436
318732358830399489
319025265055510529
319114663755411456
318687428082810880
318728080736792577
319007653797974016
318486376570032128
318511111701921792
318691969280925696
318851225649049600
318730519816855552
319122114978381826
318680771848187907
319062038116712448
318702046037561344
318506739760771072
318692185040101377
318845043303653376
318821404277612544
318767894941016065
318994423826485248
318722712044466176
318541303099039744
319073414662983680
318724302407090177
318760218072842240
318973710017126401
318645519352225792
318806470168817667
318831863256981505
318994659986776064
318818030949904384
318823143923929088
318846697520373760
318752014320427008
319084307308244992
318682622559666176
318680129930944512
318846556696633344
318833417259200512
318979997534679041
318982269077422081
318860425653547008
318489371999367169
319143466137436160
318545757852540930
318838470233698304
318527657086181376
319020041901309952
318636545248747520
318918653091401729
318697349071376386
318802437609766912
319140677017554944
318981993473904640
318745192926703616
319040937886113792
318795147242508288
318871577716473856
319103335019978754
318707548029083648
318638890569310208
318678947573424128
318662859682893824
318614028387770368
318846585213693952
318491079177539585
318790332122804224
319107445651824640
319100436940455938
319137029193601024
318676128866906112
318797763750014976
318852442664083456
318602672888487938
319114793036435457
318863056870453248
318503061016416257
319080604060766209
319139506999672832
318877716130709504
318723085979222016
318828402767441920
318685273900843009
318832040906719233
319049276330229760
318530585637310465
318814597547175936
318827241435959296
318863353978175489
318501358699417602
318844091427340290
318508642448076800
318834873416679424
319083306530521088
318857601163071488
318690506097963008
318737048720793600
318713551533510656
318715885638533120
318883001675165696
319008567447412736
318602358831599616
318490941117829120
318695183023747072
318551410109202433
318934650254929921
318837516377657344
318827236117577728
318487164084187136
319089063372128258
319094452801126400
318506096300007424
318830565237342208
318987919585067008
318985414008520704
318888065441603584
318819365753602048
318718107743031296
318838849084223488
318894790848688128
318883372858474497
319087791302664192
318773689657196545
318812841702481920
318851031964471296
318811298567700481
318879614569172992
318495771706138624
318830696779104256
318872965070606336
319062060430422016
318502333707321345
